이름	파일	열	줄	기준x	기준y	속도	깊이
해골궁수_서기	skelarcher_idle.png	8	8	17	58	5	
해골궁수_걷기	skelarcher_walk.png	8	8	22	59	12	
해골궁수_공격	skelarcher_attack.png	10	8	23	72	16	
해골궁수_죽음	skelarcher_death.png	12	8	36	59	12	
슬라임_서기	slime_idle.png	4	8	17	19	4	
슬라임_걷기	slime_walk.png	8	8	20	23	10	
슬라임_공격	slime_attack.png	6	8	23	25	12	
슬라임_죽음	slime_death.png	6	8	27	18	10	
화살	arrow.png	1	8	16	16	10	
뼈화살	bone_arrow.png	1	8	16	16	10	
화염구	fireball.png	4	1	16	16	12	
폭발	explosion.png	8	1	56	70	20	
서리	frost.png	8	1	140	82	16	
함성	shout.png	8	1	172	98	16	
바닥	ground.png	32	16	32	16	10	
나무	tree.png	3	1	48	118	10	
바위	rock.png	3	1	32	36	10	
덤불	bush.png	3	1	24	28	10	
체력물약	item_potion_red.png	1	1	0	0	10	
마나물약	item_potion_blue.png	1	1	0	0	10	
금화	item_gold.png	1	1	0	0	10	
검	item_sword.png	1	1	0	0	10	
도끼	item_axe.png	1	1	0	0	10	
지팡이	item_staff.png	1	1	0	0	10	
활	item_bow.png	1	1	0	0	10	
갑옷	item_armor.png	1	1	0	0	10	
루비반지	item_ring_ruby.png	1	1	0	0	10	
사파이어반지	item_ring_sapphire.png	1	1	0	0	10	
조작판_틀	hud_frame.png	1	1	0	0	10	
체력구슬	hud_life.png	1	1	0	0	10	
마나구슬	hud_mana.png	1	1	0	0	10	
구슬테두리	hud_rim.png	1	1	0	0	10	
경험치막대	hud_xp.png	1	1	0	0	10	
선택틀	hud_select.png	1	1	0	0	10	
아이콘_강타	icon_bash.png	1	1	0	0	10	
아이콘_함성	icon_shout.png	1	1	0	0	10	
아이콘_화염구	icon_fireball.png	1	1	0	0	10	
아이콘_서리고리	icon_frost.png	1	1	0	0	10	
아이콘_연사	icon_multishot.png	1	1	0	0	10	
아이콘_관통화살	icon_pierce.png	1	1	0	0	10	
몸_여_공격_한손	body_f_attack1h.png	10	8	19	54	16	
몸_여_공격_활	body_f_attackbow.png	10	8	23	56	16	
몸_여_공격_지팡이	body_f_attackstaff.png	10	8	20	57	16	
몸_여_시전	body_f_cast.png	8	8	21	57	12	
몸_여_죽음	body_f_death.png	12	8	33	53	12	
몸_여_서기_한손	body_f_idle1h.png	8	8	16	53	5	
몸_여_서기_활	body_f_idlebow.png	8	8	15	53	5	
몸_여_서기_지팡이	body_f_idlestaff.png	8	8	16	53	5	
몸_여_걷기_한손	body_f_walk1h.png	8	8	19	54	12	
몸_여_걷기_활	body_f_walkbow.png	8	8	19	54	12	
몸_여_걷기_지팡이	body_f_walkstaff.png	8	8	19	54	12	
몸_남_공격_한손	body_m_attack1h.png	10	8	22	60	16	
몸_남_공격_활	body_m_attackbow.png	10	8	26	63	16	
몸_남_공격_지팡이	body_m_attackstaff.png	10	8	23	63	16	
몸_남_시전	body_m_cast.png	8	8	24	64	12	
몸_남_죽음	body_m_death.png	12	8	37	58	12	
몸_남_서기_한손	body_m_idle1h.png	8	8	19	58	5	
몸_남_서기_활	body_m_idlebow.png	8	8	18	58	5	
몸_남_서기_지팡이	body_m_idlestaff.png	8	8	18	58	5	
몸_남_걷기_한손	body_m_walk1h.png	8	8	22	58	12	
몸_남_걷기_활	body_m_walkbow.png	8	8	22	58	12	
몸_남_걷기_지팡이	body_m_walkstaff.png	8	8	22	58	12	
가죽장화_여_공격_한손	boots_f_attack1h.png	10	8	13	16	16	
가죽장화_여_공격_활	boots_f_attackbow.png	10	8	12	16	16	
가죽장화_여_공격_지팡이	boots_f_attackstaff.png	10	8	14	18	16	
가죽장화_여_시전	boots_f_cast.png	8	8	14	18	12	
가죽장화_여_죽음	boots_f_death.png	12	8	34	22	12	
가죽장화_여_서기_한손	boots_f_idle1h.png	8	8	12	16	5	
가죽장화_여_서기_활	boots_f_idlebow.png	8	8	12	16	5	
가죽장화_여_서기_지팡이	boots_f_idlestaff.png	8	8	12	16	5	
가죽장화_여_걷기_한손	boots_f_walk1h.png	8	8	19	20	12	
가죽장화_여_걷기_활	boots_f_walkbow.png	8	8	19	20	12	
가죽장화_여_걷기_지팡이	boots_f_walkstaff.png	8	8	19	20	12	
가죽장화_남_공격_한손	boots_m_attack1h.png	10	8	14	18	16	
가죽장화_남_공격_활	boots_m_attackbow.png	10	8	13	18	16	
가죽장화_남_공격_지팡이	boots_m_attackstaff.png	10	8	16	20	16	
가죽장화_남_시전	boots_m_cast.png	8	8	16	20	12	
가죽장화_남_죽음	boots_m_death.png	12	8	37	25	12	
가죽장화_남_서기_한손	boots_m_idle1h.png	8	8	13	18	5	
가죽장화_남_서기_활	boots_m_idlebow.png	8	8	13	18	5	
가죽장화_남_서기_지팡이	boots_m_idlestaff.png	8	8	13	18	5	
가죽장화_남_걷기_한손	boots_m_walk1h.png	8	8	22	22	12	
가죽장화_남_걷기_활	boots_m_walkbow.png	8	8	22	22	12	
가죽장화_남_걷기_지팡이	boots_m_walkstaff.png	8	8	22	22	12	
십자군갑옷_여_공격_한손	crusader_f_attack1h.png	10	8	16	54	16	
십자군갑옷_여_공격_활	crusader_f_attackbow.png	10	8	19	53	16	
십자군갑옷_여_공격_지팡이	crusader_f_attackstaff.png	10	8	17	56	16	
십자군갑옷_여_시전	crusader_f_cast.png	8	8	17	53	12	
십자군갑옷_여_죽음	crusader_f_death.png	12	8	26	45	12	
십자군갑옷_여_서기_한손	crusader_f_idle1h.png	8	8	14	46	5	
십자군갑옷_여_서기_활	crusader_f_idlebow.png	8	8	13	45	5	
십자군갑옷_여_서기_지팡이	crusader_f_idlestaff.png	8	8	14	45	5	
십자군갑옷_여_걷기_한손	crusader_f_walk1h.png	8	8	14	46	12	
십자군갑옷_여_걷기_활	crusader_f_walkbow.png	8	8	14	45	12	
십자군갑옷_여_걷기_지팡이	crusader_f_walkstaff.png	8	8	14	45	12	
십자군갑옷_남_공격_한손	crusader_m_attack1h.png	10	8	18	59	16	
십자군갑옷_남_공격_활	crusader_m_attackbow.png	10	8	21	60	16	
십자군갑옷_남_공격_지팡이	crusader_m_attackstaff.png	10	8	18	61	16	
십자군갑옷_남_시전	crusader_m_cast.png	8	8	19	58	12	
십자군갑옷_남_죽음	crusader_m_death.png	12	8	29	51	12	
십자군갑옷_남_서기_한손	crusader_m_idle1h.png	8	8	16	52	5	
십자군갑옷_남_서기_활	crusader_m_idlebow.png	8	8	16	49	5	
십자군갑옷_남_서기_지팡이	crusader_m_idlestaff.png	8	8	15	49	5	
십자군갑옷_남_걷기_한손	crusader_m_walk1h.png	8	8	16	51	12	
십자군갑옷_남_걷기_활	crusader_m_walkbow.png	8	8	17	49	12	
십자군갑옷_남_걷기_지팡이	crusader_m_walkstaff.png	8	8	16	49	12	
강철투구_여_공격_한손	helm_f_attack1h.png	10	8	10	49	16	
강철투구_여_공격_활	helm_f_attackbow.png	10	8	7	49	16	
강철투구_여_공격_지팡이	helm_f_attackstaff.png	10	8	9	50	16	
강철투구_여_시전	helm_f_cast.png	8	8	8	49	12	
강철투구_여_죽음	helm_f_death.png	12	8	26	51	12	
강철투구_여_서기_한손	helm_f_idle1h.png	8	8	7	49	5	
강철투구_여_서기_활	helm_f_idlebow.png	8	8	7	49	5	
강철투구_여_서기_지팡이	helm_f_idlestaff.png	8	8	7	49	5	
강철투구_여_걷기_한손	helm_f_walk1h.png	8	8	8	48	12	
강철투구_여_걷기_활	helm_f_walkbow.png	8	8	8	48	12	
강철투구_여_걷기_지팡이	helm_f_walkstaff.png	8	8	8	48	12	
강철투구_남_공격_한손	helm_m_attack1h.png	10	8	10	53	16	
강철투구_남_공격_활	helm_m_attackbow.png	10	8	8	53	16	
강철투구_남_공격_지팡이	helm_m_attackstaff.png	10	8	10	54	16	
강철투구_남_시전	helm_m_cast.png	8	8	8	54	12	
강철투구_남_죽음	helm_m_death.png	12	8	28	56	12	
강철투구_남_서기_한손	helm_m_idle1h.png	8	8	7	53	5	
강철투구_남_서기_활	helm_m_idlebow.png	8	8	7	53	5	
강철투구_남_서기_지팡이	helm_m_idlestaff.png	8	8	7	53	5	
강철투구_남_걷기_한손	helm_m_walk1h.png	8	8	9	52	12	
강철투구_남_걷기_활	helm_m_walkbow.png	8	8	9	52	12	
강철투구_남_걷기_지팡이	helm_m_walkstaff.png	8	8	9	52	12	
사냥활_여_공격_활	huntbow_f_attackbow.png	10	8	20	64	16	9,31,52,53,53,53,53,53,36,9,16,37,54,55,55,55,55,55,41,16,19,27,35,35,35,35,35,35,28,19,3,-2,2,3,3,3,3,3,-2,3,-5,-12,-6,-5,-5,-5,-5,-5,-12,-5,-12,-17,-8,-7,-7,-7,-7,-7,-17,-12,-16,-8,11,12,12,12,12,12,-5,-16,0,21,44,45,45,45,45,45,26,0
사냥활_여_시전	huntbow_f_cast.png	8	8	25	56	12	8,20,38,42,42,39,21,8,15,27,45,49,46,42,26,15,18,22,35,39,29,24,19,18,3,-2,0,5,-4,-7,-5,3,-5,-12,-12,-8,-13,-15,-13,-5,-12,-19,-19,-15,-17,-18,-18,-12,-15,-14,-8,-5,0,0,-11,-15,0,10,26,29,33,31,13,0
사냥활_여_죽음	huntbow_f_death.png	12	8	32	46	12	23,23,23,23,23,21,19,22,27,33,36,37,33,33,33,33,32,29,27,30,36,42,45,46,33,33,33,32,28,23,21,22,24,26,26,26,4,4,4,2,-3,-8,-10,-12,-18,-23,-28,-29,-9,-9,-9,-11,-16,-20,-22,-25,-33,-40,-46,-48,-19,-19,-19,-21,-25,-28,-29,-33,-41,-50,-56,-58,-19,-19,-19,-20,-21,-22,-23,-25,-29,-34,-36,-37,10,10,10,10,10,9,7,9,12,15,17,18
사냥활_여_서기_활	huntbow_f_idlebow.png	8	8	13	46	5	9,9,9,10,10,10,9,9,16,16,16,17,17,17,16,16,19,19,19,20,20,20,19,19,3,3,3,3,2,3,3,3,-5,-5,-6,-6,-6,-6,-6,-5,-12,-13,-13,-13,-13,-13,-13,-13,-16,-16,-16,-16,-16,-16,-16,-16,0,0,1,1,1,1,1,0
사냥활_여_걷기_활	huntbow_f_walkbow.png	8	8	14	46	12	12,9,8,9,12,15,17,15,19,16,15,16,19,22,23,22,19,18,18,18,19,20,21,20,0,2,2,2,0,-1,-2,-1,-9,-7,-6,-7,-9,-11,-11,-11,-15,-13,-12,-13,-15,-17,-18,-17,-15,-15,-15,-15,-15,-15,-15,-15,4,1,0,1,4,6,7,6
사냥활_남_공격_활	huntbow_m_attackbow.png	10	8	22	71	16	14,39,62,62,62,62,62,62,44,14,23,46,65,66,66,66,66,66,51,23,25,33,41,42,42,42,42,42,34,25,0,-5,0,1,1,1,1,1,-6,0,-12,-18,-11,-10,-10,-10,-10,-10,-19,-12,-21,-26,-15,-14,-14,-14,-14,-14,-25,-21,-23,-12,9,10,10,10,10,10,-9,-23,2,26,51,51,51,51,51,51,31,2
사냥활_남_시전	huntbow_m_cast.png	8	8	26	62	12	14,27,43,45,49,47,29,14,22,35,52,54,54,51,35,22,22,28,42,46,36,30,24,22,-1,-4,3,9,-4,-9,-9,-1,-12,-17,-11,-6,-16,-20,-20,-12,-21,-25,-20,-15,-21,-24,-26,-21,-21,-18,-10,-7,-2,-3,-15,-21,3,15,28,31,37,36,17,3
사냥활_남_죽음	huntbow_m_death.png	12	8	35	52	12	29,29,29,30,29,26,24,26,32,37,41,42,41,41,41,41,40,36,33,36,42,49,52,53,40,40,40,39,33,27,24,26,29,31,32,32,5,5,5,2,-5,-11,-14,-16,-20,-25,-28,-30,-11,-11,-11,-14,-21,-27,-29,-32,-38,-45,-49,-51,-23,-23,-23,-25,-31,-36,-38,-41,-48,-56,-61,-62,-22,-22,-22,-22,-25,-28,-29,-31,-35,-39,-41,-41,13,13,13,14,14,11,9,11,14,17,20,21
사냥활_남_서기_활	huntbow_m_idlebow.png	8	8	16	52	5	14,14,15,15,16,15,15,14,23,24,24,25,25,25,24,24,25,25,26,26,26,26,26,25,0,0,0,0,0,0,0,0,-12,-12,-12,-12,-12,-12,-12,-12,-21,-21,-22,-22,-22,-22,-22,-21,-23,-23,-23,-23,-23,-23,-23,-23,2,2,3,3,3,3,3,2
사냥활_남_걷기_활	huntbow_m_walkbow.png	8	8	17	53	12	18,15,14,15,18,22,23,22,26,23,22,23,26,30,31,30,23,21,21,21,23,25,26,25,-4,-3,-3,-3,-4,-5,-5,-5,-16,-14,-14,-14,-16,-17,-17,-17,-24,-22,-21,-22,-24,-25,-26,-25,-21,-21,-21,-21,-21,-21,-21,-21,7,4,3,4,7,9,10,9
연방패_여_공격_한손	kiteshield_f_attack1h.png	10	8	22	55	16	32,35,39,42,35,19,18,23,29,32,42,44,45,46,44,34,33,37,41,42,38,36,31,28,35,44,45,43,40,38,3,0,-5,-8,-1,16,17,12,6,3,-12,-14,-17,-19,-15,-1,1,-5,-10,-12,-22,-23,-23,-23,-23,-15,-14,-18,-21,-22,-18,-15,-9,-5,-15,-26,-26,-24,-21,-18,17,21,27,31,21,2,1,6,14,17
연방패_여_시전	kiteshield_f_cast.png	8	8	24	61	12	10,27,46,48,52,48,26,10,20,36,56,59,58,53,34,20,23,30,46,52,38,31,24,23,-2,-6,3,10,-6,-12,-10,-2,-14,-20,-13,-6,-20,-24,-23,-14,-23,-30,-23,-17,-26,-29,-30,-23,-26,-23,-14,-10,-6,-7,-20,-26,-2,12,29,31,38,36,14,-2
연방패_여_죽음	kiteshield_f_death.png	12	8	33	55	12	30,30,30,30,29,26,24,26,32,38,42,43,44,44,44,43,41,37,35,38,45,51,55,56,43,43,43,42,37,31,28,29,33,36,37,37,4,4,4,2,-5,-11,-13,-15,-19,-23,-26,-27,-14,-14,-14,-16,-22,-28,-30,-32,-38,-45,-49,-50,-27,-27,-27,-29,-35,-39,-40,-44,-51,-58,-62,-64,-27,-27,-27,-28,-30,-32,-33,-35,-39,-43,-45,-45,12,12,12,12,12,9,7,9,12,16,19,19
연방패_여_서기_한손	kiteshield_f_idle1h.png	8	8	21	55	5	32,32,33,33,34,33,33,32,42,43,43,44,44,44,43,43,38,38,39,39,39,39,39,38,3,3,3,4,4,4,3,3,-12,-12,-12,-11,-11,-11,-12,-12,-22,-22,-22,-22,-22,-22,-22,-22,-18,-18,-18,-17,-17,-17,-18,-18,17,17,18,18,19,18,18,17
연방패_여_걷기_한손	kiteshield_f_walk1h.png	8	8	20	55	12	37,38,38,38,37,37,36,37,46,45,45,45,46,46,46,46,35,33,32,33,35,36,37,36,-4,-6,-7,-6,-4,-2,-1,-2,-18,-19,-20,-19,-18,-16,-15,-16,-26,-26,-27,-26,-26,-25,-24,-25,-15,-14,-13,-14,-15,-16,-16,-16,23,25,25,25,23,22,22,22
연방패_남_공격_한손	kiteshield_m_attack1h.png	10	8	23	60	16	34,38,43,46,38,19,18,24,31,34,47,48,51,51,49,36,35,40,45,47,44,42,36,33,41,50,50,49,46,44,5,1,-5,-8,0,20,21,15,8,5,-13,-15,-19,-21,-16,1,2,-4,-10,-13,-25,-26,-27,-26,-27,-16,-15,-20,-24,-25,-22,-19,-13,-8,-19,-30,-31,-29,-25,-22,17,21,29,33,22,0,-1,5,13,17
연방패_남_시전	kiteshield_m_cast.png	8	8	25	67	12	14,31,49,51,57,54,31,14,25,42,61,64,64,60,40,25,26,34,52,57,43,35,28,26,-5,-8,5,13,-7,-14,-13,-5,-19,-24,-14,-6,-23,-29,-28,-19,-30,-35,-26,-19,-30,-34,-37,-30,-31,-27,-16,-12,-9,-10,-25,-31,0,15,31,32,41,40,16,0
연방패_남_죽음	kiteshield_m_death.png	12	8	35	60	12	34,34,34,35,33,29,26,29,34,40,44,46,50,50,50,49,47,42,39,41,49,56,60,61,49,49,49,47,41,34,30,32,37,41,43,43,5,5,5,2,-6,-14,-16,-18,-20,-23,-26,-27,-15,-15,-15,-18,-26,-33,-35,-38,-43,-48,-51,-53,-30,-30,-30,-33,-40,-46,-48,-50,-57,-63,-67,-68,-30,-30,-30,-31,-34,-38,-39,-41,-45,-48,-50,-50,14,14,14,14,13,10,7,9,12,16,19,20
연방패_남_서기_한손	kiteshield_m_idle1h.png	8	8	22	60	5	34,34,35,35,36,35,35,34,47,47,47,48,48,48,47,47,44,44,45,45,45,45,45,44,5,5,5,5,6,5,5,5,-13,-13,-12,-12,-12,-12,-12,-13,-25,-25,-25,-24,-24,-24,-25,-25,-22,-22,-22,-22,-21,-22,-22,-22,17,17,18,18,18,18,18,17
연방패_남_걷기_한손	kiteshield_m_walk1h.png	8	8	22	60	12	40,41,41,41,40,39,39,39,50,50,50,50,50,50,50,50,39,37,36,37,39,41,42,41,-3,-5,-6,-5,-3,-1,0,-1,-19,-21,-21,-21,-19,-17,-16,-17,-29,-30,-30,-30,-29,-28,-27,-28,-18,-17,-16,-17,-18,-19,-19,-19,24,26,26,26,24,23,22,23
가죽갑옷_여_공격_한손	leatherarmor_f_attack1h.png	10	8	15	52	16	
가죽갑옷_여_공격_활	leatherarmor_f_attackbow.png	10	8	18	53	16	
가죽갑옷_여_공격_지팡이	leatherarmor_f_attackstaff.png	10	8	15	54	16	
가죽갑옷_여_시전	leatherarmor_f_cast.png	8	8	16	52	12	
가죽갑옷_여_죽음	leatherarmor_f_death.png	12	8	26	44	12	
가죽갑옷_여_서기_한손	leatherarmor_f_idle1h.png	8	8	13	46	5	
가죽갑옷_여_서기_활	leatherarmor_f_idlebow.png	8	8	13	44	5	
가죽갑옷_여_서기_지팡이	leatherarmor_f_idlestaff.png	8	8	13	44	5	
가죽갑옷_여_걷기_한손	leatherarmor_f_walk1h.png	8	8	13	45	12	
가죽갑옷_여_걷기_활	leatherarmor_f_walkbow.png	8	8	14	44	12	
가죽갑옷_여_걷기_지팡이	leatherarmor_f_walkstaff.png	8	8	12	44	12	
가죽갑옷_남_공격_한손	leatherarmor_m_attack1h.png	10	8	17	58	16	
가죽갑옷_남_공격_활	leatherarmor_m_attackbow.png	10	8	20	60	16	
가죽갑옷_남_공격_지팡이	leatherarmor_m_attackstaff.png	10	8	18	60	16	
가죽갑옷_남_시전	leatherarmor_m_cast.png	8	8	18	58	12	
가죽갑옷_남_죽음	leatherarmor_m_death.png	12	8	28	51	12	
가죽갑옷_남_서기_한손	leatherarmor_m_idle1h.png	8	8	14	51	5	
가죽갑옷_남_서기_활	leatherarmor_m_idlebow.png	8	8	16	49	5	
가죽갑옷_남_서기_지팡이	leatherarmor_m_idlestaff.png	8	8	14	49	5	
가죽갑옷_남_걷기_한손	leatherarmor_m_walk1h.png	8	8	15	51	12	
가죽갑옷_남_걷기_활	leatherarmor_m_walkbow.png	8	8	16	49	12	
가죽갑옷_남_걷기_지팡이	leatherarmor_m_walkstaff.png	8	8	15	49	12	
장검_여_공격_한손	longsword_f_attack1h.png	10	8	45	82	16	49,86,57,-3,69,48,30,43,49,49,36,70,47,-2,60,60,45,46,41,36,-22,-1,28,27,34,42,33,13,-12,-22,-65,-52,35,71,29,-22,-21,-46,-60,-65,-65,-51,43,80,34,-48,-44,-61,-67,-65,-52,-34,54,79,44,-60,-60,-65,-59,-52,7,36,72,50,70,-42,-48,-32,-6,7,49,87,65,6,75,23,7,27,42,49
장검_여_시전	longsword_f_cast.png	8	8	46	79	12	12,53,92,92,95,86,45,12,1,34,70,73,81,74,31,1,-42,-31,-4,6,7,3,-27,-42,-59,-70,-46,-26,-51,-58,-67,-59,-53,-65,-39,-18,-53,-64,-67,-53,-42,-47,-17,2,-38,-52,-53,-42,1,19,56,68,35,19,5,1,18,57,98,101,93,80,46,18
장검_여_죽음	longsword_f_death.png	12	8	38	46	12	51,51,51,51,50,48,46,44,37,25,13,7,28,28,28,28,29,29,28,25,15,1,-13,-20,-47,-47,-47,-47,-46,-47,-47,-51,-59,-70,-80,-84,-71,-71,-71,-72,-77,-82,-84,-86,-92,-96,-98,-97,-56,-56,-56,-58,-65,-72,-76,-77,-82,-84,-82,-80,-33,-33,-33,-36,-44,-53,-57,-58,-60,-59,-56,-54,41,41,41,39,32,22,18,17,14,11,11,11,65,65,65,65,62,58,55,53,47,37,29,24
장검_여_서기_한손	longsword_f_idle1h.png	8	8	38	43	5	49,50,52,54,54,54,52,50,36,37,38,40,41,40,38,37,-22,-22,-21,-20,-20,-20,-21,-22,-65,-65,-65,-65,-65,-65,-65,-65,-65,-65,-65,-66,-66,-66,-65,-65,-52,-52,-52,-52,-52,-52,-52,-52,7,7,8,8,9,8,8,7,49,50,51,53,53,53,51,50
장검_여_걷기_한손	longsword_f_walk1h.png	8	8	39	42	12	45,55,59,55,45,34,30,34,28,36,39,36,28,19,15,19,-31,-30,-29,-30,-31,-33,-33,-33,-68,-69,-69,-69,-68,-65,-63,-65,-64,-64,-64,-64,-64,-62,-61,-62,-47,-45,-44,-45,-47,-47,-46,-47,12,20,24,20,12,5,2,5,48,60,64,60,48,37,32,37
장검_남_공격_한손	longsword_m_attack1h.png	10	8	46	87	16	57,92,56,-7,69,56,38,51,57,57,41,73,44,-7,58,68,53,54,47,41,-25,-2,26,23,31,44,35,13,-13,-25,-71,-55,37,71,29,-27,-27,-52,-67,-71,-71,-53,46,82,37,-54,-51,-69,-73,-71,-55,-34,58,81,48,-66,-67,-72,-64,-55,10,42,76,51,75,-42,-49,-31,-3,10,57,94,66,3,77,30,13,34,50,57
장검_남_시전	longsword_m_cast.png	8	8	48	85	12	18,60,97,96,103,94,53,18,4,38,73,74,85,79,35,4,-48,-35,-5,5,5,0,-31,-48,-68,-76,-47,-26,-55,-64,-76,-68,-60,-70,-38,-16,-56,-68,-74,-60,-46,-49,-14,6,-38,-54,-57,-46,6,24,64,75,42,25,10,6,25,66,105,106,102,89,54,25
장검_남_죽음	longsword_m_death.png	12	8	40	52	12	58,58,58,58,57,54,52,49,42,29,16,10,32,32,32,32,33,32,31,27,17,2,-13,-19,-49,-49,-49,-49,-50,-51,-52,-56,-64,-76,-86,-90,-75,-75,-75,-77,-83,-89,-92,-95,-100,-104,-106,-105,-59,-59,-59,-62,-70,-79,-82,-84,-89,-91,-89,-87,-33,-33,-33,-36,-46,-56,-61,-62,-64,-64,-60,-58,48,48,48,46,37,27,22,21,17,14,13,13,74,74,74,73,70,65,62,59,53,43,33,28
장검_남_서기_한손	longsword_m_idle1h.png	8	8	39	49	5	57,57,59,61,62,61,59,57,41,42,44,45,46,45,44,42,-25,-24,-23,-22,-22,-22,-23,-24,-71,-71,-71,-71,-70,-71,-71,-71,-71,-71,-71,-71,-71,-71,-71,-71,-55,-55,-55,-55,-55,-55,-55,-55,10,11,11,12,13,12,11,11,57,57,59,61,61,61,59,57
장검_남_걷기_한손	longsword_m_walk1h.png	8	8	41	48	12	52,61,65,61,52,41,36,41,32,39,42,39,32,23,19,23,-35,-34,-33,-34,-35,-37,-38,-37,-74,-75,-75,-75,-74,-72,-70,-72,-69,-69,-68,-69,-69,-68,-67,-68,-50,-46,-45,-46,-50,-51,-50,-51,17,26,31,26,17,9,7,9,56,68,72,68,56,44,39,44
참나무지팡이_여_공격_지팡이	oakstaff_f_attackstaff.png	10	8	46	80	16	41,49,48,20,24,60,43,45,44,41,31,41,38,14,16,51,37,37,35,31,-2,3,14,11,12,8,-1,-2,-4,-2,-25,-16,10,32,32,-24,-31,-31,-28,-25,-22,-13,16,42,41,-24,-33,-30,-27,-22,-13,-6,26,48,49,-16,-26,-22,-18,-13,20,32,50,52,52,27,11,16,21,20,44,52,54,30,33,59,42,45,45,44
참나무지팡이_여_시전	oakstaff_f_cast.png	8	8	37	75	12	27,44,52,51,59,58,44,27,17,32,42,42,49,49,33,17,-17,-11,3,7,10,8,-9,-17,-31,-30,-10,-1,-14,-20,-34,-31,-27,-28,-4,6,-12,-20,-32,-27,-16,-16,6,15,-2,-11,-21,-16,17,27,45,50,37,30,21,17,32,46,58,58,62,59,47,32
참나무지팡이_여_죽음	oakstaff_f_death.png	12	8	45	71	12	39,39,39,41,43,47,47,47,44,38,29,25,26,26,26,28,31,33,33,32,29,21,13,8,-15,-15,-15,-14,-15,-18,-18,-21,-27,-36,-44,-47,-29,-29,-29,-31,-36,-42,-45,-48,-55,-62,-66,-67,-20,-20,-20,-22,-29,-39,-42,-45,-52,-58,-61,-61,-7,-7,-7,-9,-17,-25,-28,-31,-37,-42,-44,-44,34,34,34,33,29,26,23,22,19,15,12,11,48,48,48,49,50,50,49,49,47,41,35,31
참나무지팡이_여_서기_지팡이	oakstaff_f_idlestaff.png	8	8	19	70	5	41,41,42,42,43,42,42,41,31,32,32,33,33,33,32,32,-2,-1,-1,0,0,0,-1,-1,-25,-25,-24,-23,-22,-23,-24,-25,-22,-22,-22,-22,-21,-22,-22,-22,-13,-13,-12,-12,-12,-12,-12,-13,20,21,21,21,22,21,21,21,44,44,44,44,44,44,44,44
참나무지팡이_여_걷기_지팡이	oakstaff_f_walkstaff.png	8	8	20	70	12	39,40,41,40,39,37,37,37,28,28,28,28,28,29,29,29,-7,-7,-7,-7,-7,-7,-7,-7,-27,-26,-26,-26,-27,-27,-27,-27,-22,-21,-20,-21,-22,-23,-23,-23,-12,-9,-8,-9,-12,-15,-16,-15,24,27,28,27,24,21,20,21,44,46,46,46,44,41,40,41
참나무지팡이_남_공격_지팡이	oakstaff_m_attackstaff.png	10	8	48	84	16	48,55,49,17,21,67,50,52,52,48,37,46,38,10,12,56,41,41,40,37,-3,2,12,7,9,5,-6,-6,-7,-3,-30,-19,12,34,33,-31,-41,-39,-34,-30,-27,-15,20,47,46,-30,-42,-38,-33,-27,-15,-6,31,54,55,-19,-33,-28,-22,-15,25,38,56,56,58,32,14,20,25,25,51,59,57,29,33,68,49,53,53,51
참나무지팡이_남_시전	oakstaff_m_cast.png	8	8	37	82	12	33,51,57,55,66,66,51,33,20,36,45,43,54,54,38,20,-22,-14,1,6,8,6,-13,-22,-40,-37,-12,-1,-18,-26,-43,-40,-34,-33,-4,8,-14,-24,-39,-34,-20,-18,8,20,-2,-13,-25,-20,22,33,52,57,44,36,26,22,39,55,65,63,70,68,55,39
참나무지팡이_남_죽음	oakstaff_m_death.png	12	8	49	76	12	46,46,46,47,50,53,52,52,49,41,33,28,30,30,30,32,35,36,36,35,31,23,13,9,-17,-17,-17,-17,-18,-23,-24,-26,-33,-42,-50,-53,-33,-33,-33,-35,-42,-49,-53,-56,-63,-70,-74,-75,-23,-23,-23,-25,-34,-45,-49,-52,-59,-65,-68,-68,-7,-7,-7,-10,-19,-28,-32,-35,-41,-46,-48,-48,41,41,41,39,34,30,27,26,22,18,15,14,56,56,56,57,58,57,56,56,53,47,39,35
참나무지팡이_남_서기_지팡이	oakstaff_m_idlestaff.png	8	8	21	75	5	48,48,49,49,50,49,49,48,37,37,38,38,38,38,38,37,-3,-3,-2,-2,-2,-2,-2,-3,-30,-30,-29,-28,-27,-28,-29,-30,-27,-26,-26,-26,-25,-26,-26,-26,-15,-15,-15,-14,-14,-14,-15,-15,25,25,25,26,26,26,25,25,51,52,52,52,51,52,52,52
참나무지팡이_남_걷기_지팡이	oakstaff_m_walkstaff.png	8	8	23	75	12	45,46,47,46,45,44,43,44,32,32,32,32,32,33,33,33,-10,-11,-11,-11,-10,-10,-10,-10,-32,-31,-30,-31,-32,-33,-33,-33,-26,-24,-23,-24,-26,-28,-28,-28,-13,-9,-8,-9,-13,-17,-18,-17,29,33,34,33,29,26,25,26,51,53,54,53,51,49,48,49
붉은망토_여_공격_한손	redcape_f_attack1h.png	10	8	15	45	16	-24,-24,-24,-24,-24,-21,-21,-22,-24,-24,-24,-23,-22,-20,-23,-24,-24,-24,-24,-24,-11,-9,-6,-4,-9,-17,-17,-15,-12,-11,6,6,8,8,7,3,2,4,5,6,9,9,9,8,10,9,9,9,9,9,9,8,6,5,9,12,12,12,10,9,-4,-6,-9,-12,-6,5,5,2,-2,-4,-21,-22,-23,-24,-22,-15,-14,-17,-19,-21
붉은망토_여_공격_활	redcape_f_attackbow.png	10	8	14	45	16	-24,-24,-23,-23,-23,-23,-23,-23,-24,-24,-24,-22,-18,-18,-18,-18,-18,-18,-22,-24,-11,-7,-1,0,0,0,0,0,-6,-11,6,8,10,10,10,10,10,10,9,6,9,10,8,8,8,8,8,8,10,9,9,7,4,4,4,4,4,4,7,9,-4,-8,-14,-14,-14,-14,-14,-14,-9,-4,-21,-23,-24,-24,-24,-24,-24,-24,-23,-21
붉은망토_여_공격_지팡이	redcape_f_attackstaff.png	10	8	19	45	16	-24,-23,-21,-19,-20,-28,-29,-28,-25,-24,-24,-23,-21,-18,-19,-26,-27,-26,-25,-24,-11,-11,-10,-9,-9,-6,-4,-7,-10,-11,6,5,2,0,2,15,18,14,8,6,9,8,4,1,3,17,21,17,12,9,9,7,4,0,2,15,18,15,11,9,-4,-5,-7,-9,-9,-5,-4,-4,-4,-4,-21,-20,-19,-18,-19,-25,-26,-25,-22,-21
붉은망토_여_시전	redcape_f_cast.png	8	8	14	45	12	-23,-22,-21,-21,-25,-26,-24,-23,-22,-21,-20,-19,-23,-24,-23,-22,-8,-8,-9,-9,-7,-7,-8,-8,6,5,3,2,9,10,8,6,8,6,4,3,11,12,10,8,6,5,3,2,9,11,8,6,-8,-8,-8,-8,-7,-7,-7,-8,-22,-21,-20,-19,-23,-24,-22,-22
붉은망토_여_죽음	redcape_f_death.png	12	8	23	44	12	-16,-16,-16,-18,-23,-24,-23,-21,-17,-12,-8,-6,-15,-15,-15,-17,-21,-22,-20,-19,-16,-11,-7,-6,-10,-10,-10,-9,-7,-2,1,1,3,4,5,5,-4,-4,-4,-1,8,18,23,23,23,22,20,20,-4,-4,-4,0,10,21,25,26,26,25,23,23,-4,-4,-4,-1,9,19,23,24,24,24,23,22,-9,-9,-9,-9,-6,-1,2,3,6,9,11,11,-15,-15,-15,-17,-21,-21,-20,-18,-14,-9,-5,-3
붉은망토_여_서기_한손	redcape_f_idle1h.png	8	8	14	45	5	-24,-24,-23,-23,-23,-23,-23,-24,-24,-24,-23,-23,-23,-23,-23,-24,-11,-11,-11,-11,-11,-11,-11,-11,6,5,5,5,4,5,5,5,9,9,8,8,8,8,8,9,9,9,8,8,8,8,8,9,-4,-4,-4,-4,-4,-4,-4,-4,-21,-20,-20,-20,-20,-20,-20,-20
붉은망토_여_서기_활	redcape_f_idlebow.png	8	8	14	45	5	-24,-24,-23,-23,-23,-23,-23,-24,-24,-24,-23,-23,-23,-23,-23,-24,-11,-11,-11,-11,-11,-11,-11,-11,6,5,5,5,4,5,5,5,9,9,8,8,8,8,8,9,9,9,8,8,8,8,8,9,-4,-4,-4,-4,-4,-4,-4,-4,-21,-20,-20,-20,-20,-20,-20,-20
붉은망토_여_서기_지팡이	redcape_f_idlestaff.png	8	8	14	45	5	-24,-24,-23,-23,-23,-23,-23,-24,-24,-24,-23,-23,-23,-23,-23,-24,-11,-11,-11,-11,-11,-11,-11,-11,6,5,5,5,4,5,5,5,9,9,8,8,8,8,8,9,9,9,8,8,8,8,8,9,-4,-4,-4,-4,-4,-4,-4,-4,-21,-20,-20,-20,-20,-20,-20,-20
붉은망토_여_걷기_한손	redcape_f_walk1h.png	8	8	13	45	12	-24,-24,-23,-24,-24,-24,-23,-24,-22,-21,-21,-21,-22,-22,-22,-22,-7,-6,-6,-6,-7,-8,-8,-8,8,8,8,8,8,7,7,7,9,9,9,9,9,9,9,9,8,7,7,7,8,8,8,8,-7,-8,-8,-8,-7,-6,-6,-6,-22,-22,-22,-22,-22,-21,-21,-21
붉은망토_여_걷기_활	redcape_f_walkbow.png	8	8	13	45	12	-24,-24,-23,-24,-24,-24,-23,-24,-22,-21,-21,-21,-22,-22,-22,-22,-7,-6,-6,-6,-7,-8,-8,-8,8,8,8,8,8,7,7,7,9,9,9,9,9,9,9,9,8,7,7,7,8,8,8,8,-7,-8,-8,-8,-7,-6,-6,-6,-22,-22,-22,-22,-22,-21,-21,-21
붉은망토_여_걷기_지팡이	redcape_f_walkstaff.png	8	8	13	45	12	-24,-24,-23,-24,-24,-24,-23,-24,-22,-21,-21,-21,-22,-22,-22,-22,-7,-6,-6,-6,-7,-8,-8,-8,8,8,8,8,8,7,7,7,9,9,9,9,9,9,9,9,8,7,7,7,8,8,8,8,-7,-8,-8,-8,-7,-6,-6,-6,-22,-22,-22,-22,-22,-21,-21,-21
붉은망토_남_공격_한손	redcape_m_attack1h.png	10	8	16	49	16	-24,-24,-24,-24,-24,-22,-21,-23,-24,-24,-24,-23,-21,-20,-23,-25,-25,-25,-24,-24,-11,-9,-6,-4,-8,-16,-17,-15,-12,-11,5,6,7,7,7,3,2,4,5,5,8,8,8,7,9,9,9,9,9,8,8,7,5,3,8,12,12,11,9,8,-5,-7,-10,-13,-7,4,4,1,-3,-5,-21,-22,-23,-24,-22,-16,-15,-18,-20,-21
붉은망토_남_공격_활	redcape_m_attackbow.png	10	8	14	49	16	-24,-24,-23,-23,-23,-23,-23,-23,-24,-24,-24,-22,-18,-18,-18,-18,-18,-18,-21,-24,-11,-6,-1,0,0,0,0,0,-5,-11,5,8,9,9,9,9,9,9,8,5,8,9,7,7,7,7,7,7,9,8,8,6,3,2,2,2,2,2,6,8,-5,-9,-15,-15,-15,-15,-15,-15,-10,-5,-21,-23,-24,-24,-24,-24,-24,-24,-24,-21
붉은망토_남_공격_지팡이	redcape_m_attackstaff.png	10	8	20	49	16	-24,-23,-22,-20,-21,-28,-29,-28,-25,-24,-24,-23,-21,-19,-20,-26,-27,-26,-25,-24,-11,-11,-10,-9,-9,-6,-6,-8,-10,-11,5,4,2,0,2,13,16,12,8,5,8,7,4,2,3,15,18,15,10,8,8,6,3,1,2,13,16,13,10,8,-5,-6,-7,-9,-9,-6,-5,-5,-5,-5,-21,-21,-20,-18,-19,-26,-27,-25,-23,-21
붉은망토_남_시전	redcape_m_cast.png	8	8	14	49	12	-23,-23,-21,-21,-25,-26,-24,-23,-22,-21,-20,-20,-23,-24,-23,-22,-8,-9,-9,-9,-8,-7,-8,-8,5,4,2,2,8,9,7,5,7,6,4,3,10,11,9,7,5,4,3,2,8,9,7,5,-8,-8,-9,-9,-8,-7,-8,-8,-22,-21,-20,-20,-23,-24,-23,-22
붉은망토_남_죽음	redcape_m_death.png	12	8	23	48	12	-16,-16,-16,-18,-23,-25,-24,-22,-18,-13,-9,-7,-16,-16,-16,-18,-22,-23,-22,-20,-17,-12,-8,-7,-10,-10,-10,-9,-7,-3,0,0,2,4,5,5,-3,-3,-3,-1,8,17,22,22,22,22,21,20,-3,-3,-3,0,10,20,24,25,26,25,24,23,-3,-3,-3,0,9,18,22,23,24,24,23,23,-9,-9,-9,-9,-6,-2,1,2,5,9,11,11,-15,-15,-15,-17,-21,-22,-21,-19,-15,-10,-6,-4
붉은망토_남_서기_한손	redcape_m_idle1h.png	8	8	14	49	5	-24,-24,-24,-23,-23,-23,-24,-24,-24,-24,-23,-23,-23,-23,-23,-24,-11,-11,-11,-11,-11,-11,-11,-11,5,5,5,4,4,4,5,5,8,8,8,7,7,7,8,8,8,8,7,7,7,7,7,8,-5,-5,-5,-5,-5,-5,-5,-5,-21,-21,-21,-21,-20,-21,-21,-21
붉은망토_남_서기_활	redcape_m_idlebow.png	8	8	14	49	5	-24,-24,-24,-23,-23,-23,-24,-24,-24,-24,-23,-23,-23,-23,-23,-24,-11,-11,-11,-11,-11,-11,-11,-11,5,5,5,4,4,4,5,5,8,8,8,7,7,7,8,8,8,8,7,7,7,7,7,8,-5,-5,-5,-5,-5,-5,-5,-5,-21,-21,-21,-21,-20,-21,-21,-21
붉은망토_남_서기_지팡이	redcape_m_idlestaff.png	8	8	14	49	5	-24,-24,-24,-23,-23,-23,-24,-24,-24,-24,-23,-23,-23,-23,-23,-24,-11,-11,-11,-11,-11,-11,-11,-11,5,5,5,4,4,4,5,5,8,8,8,7,7,7,8,8,8,8,7,7,7,7,7,8,-5,-5,-5,-5,-5,-5,-5,-5,-21,-21,-21,-21,-20,-21,-21,-21
붉은망토_남_걷기_한손	redcape_m_walk1h.png	8	8	13	48	12	-24,-24,-24,-24,-24,-24,-24,-24,-22,-22,-22,-22,-22,-22,-23,-22,-8,-7,-6,-7,-8,-8,-9,-8,7,7,8,7,7,7,6,7,9,9,9,9,9,9,9,9,7,7,6,7,7,7,8,7,-8,-8,-9,-8,-8,-7,-6,-7,-22,-22,-23,-22,-22,-22,-22,-22
붉은망토_남_걷기_활	redcape_m_walkbow.png	8	8	13	48	12	-24,-24,-24,-24,-24,-24,-24,-24,-22,-22,-22,-22,-22,-22,-23,-22,-8,-7,-6,-7,-8,-8,-9,-8,7,7,8,7,7,7,6,7,9,9,9,9,9,9,9,9,7,7,6,7,7,7,8,7,-8,-8,-9,-8,-8,-7,-6,-7,-22,-22,-23,-22,-22,-22,-22,-22
붉은망토_남_걷기_지팡이	redcape_m_walkstaff.png	8	8	13	48	12	-24,-24,-24,-24,-24,-24,-24,-24,-22,-22,-22,-22,-22,-22,-23,-22,-8,-7,-6,-7,-8,-8,-9,-8,7,7,8,7,7,7,6,7,9,9,9,9,9,9,9,9,7,7,6,7,7,7,8,7,-8,-8,-9,-8,-8,-7,-6,-7,-22,-22,-23,-22,-22,-22,-22,-22
모직바지_여_공격_한손	woolpants_f_attack1h.png	10	8	10	28	16	
모직바지_여_공격_활	woolpants_f_attackbow.png	10	8	9	28	16	
모직바지_여_공격_지팡이	woolpants_f_attackstaff.png	10	8	11	28	16	
모직바지_여_시전	woolpants_f_cast.png	8	8	11	28	12	
모직바지_여_죽음	woolpants_f_death.png	12	8	29	28	12	
모직바지_여_서기_한손	woolpants_f_idle1h.png	8	8	9	28	5	
모직바지_여_서기_활	woolpants_f_idlebow.png	8	8	9	28	5	
모직바지_여_서기_지팡이	woolpants_f_idlestaff.png	8	8	9	28	5	
모직바지_여_걷기_한손	woolpants_f_walk1h.png	8	8	16	28	12	
모직바지_여_걷기_활	woolpants_f_walkbow.png	8	8	16	28	12	
모직바지_여_걷기_지팡이	woolpants_f_walkstaff.png	8	8	16	28	12	
모직바지_남_공격_한손	woolpants_m_attack1h.png	10	8	12	31	16	
모직바지_남_공격_활	woolpants_m_attackbow.png	10	8	10	31	16	
모직바지_남_공격_지팡이	woolpants_m_attackstaff.png	10	8	12	31	16	
모직바지_남_시전	woolpants_m_cast.png	8	8	13	31	12	
모직바지_남_죽음	woolpants_m_death.png	12	8	32	31	12	
모직바지_남_서기_한손	woolpants_m_idle1h.png	8	8	10	31	5	
모직바지_남_서기_활	woolpants_m_idlebow.png	8	8	10	31	5	
모직바지_남_서기_지팡이	woolpants_m_idlestaff.png	8	8	10	31	5	
모직바지_남_걷기_한손	woolpants_m_walk1h.png	8	8	19	31	12	
모직바지_남_걷기_활	woolpants_m_walkbow.png	8	8	19	31	12	
모직바지_남_걷기_지팡이	woolpants_m_walkstaff.png	8	8	19	31	12	
그림자	shadow.png	3	1	32	16	10	
화염구_빛	fireball_glow.png	4	1	32	32	12	
폭발_빛	explosion_glow.png	8	1	56	70	20	
서리_빛	frost_glow.png	8	1	140	82	16	
함성_빛	shout_glow.png	8	1	172	98	16	
