이름	파일	열	줄	기준x	기준y	속도	깊이	보폭
해골궁수_서기	skelarcher_idle.png	8	8	27	91	5		
해골궁수_걷기	skelarcher_walk.png	12	8	33	89	30		2.594
해골궁수_공격	skelarcher_attack.png	10	8	36	112	16		
해골궁수_죽음	skelarcher_death.png	12	8	56	92	12		
슬라임_서기	slime_idle.png	4	8	26	28	4		
슬라임_걷기	slime_walk.png	8	8	30	35	10		
슬라임_공격	slime_attack.png	6	8	36	38	12		
슬라임_죽음	slime_death.png	6	8	42	27	10		
화살	arrow.png	1	8	24	24	10		
뼈화살	bone_arrow.png	1	8	24	24	10		
화염구	fireball.png	4	1	24	24	12		
폭발	explosion.png	8	1	84	105	20		
서리	frost.png	8	1	289	162	16		
함성	shout.png	8	1	357	196	16		
바닥	ground.png	32	16	48	24	10		
나무	tree.png	3	1	72	177	10		
바위	rock.png	3	1	48	54	10		
덤불	bush.png	3	1	36	42	10		
체력물약	item_potion_red.png	1	1	0	0	10		
마나물약	item_potion_blue.png	1	1	0	0	10		
금화	item_gold.png	1	1	0	0	10		
검	item_sword.png	1	1	0	0	10		
도끼	item_axe.png	1	1	0	0	10		
지팡이	item_staff.png	1	1	0	0	10		
활	item_bow.png	1	1	0	0	10		
갑옷	item_armor.png	1	1	0	0	10		
루비반지	item_ring_ruby.png	1	1	0	0	10		
사파이어반지	item_ring_sapphire.png	1	1	0	0	10		
조작판_틀	hud_frame.png	1	1	0	0	10		
체력구슬	hud_life.png	1	1	0	0	10		
마나구슬	hud_mana.png	1	1	0	0	10		
구슬테두리	hud_rim.png	1	1	0	0	10		
경험치막대	hud_xp.png	1	1	0	0	10		
선택틀	hud_select.png	1	1	0	0	10		
아이콘_강타	icon_bash.png	1	1	0	0	10		
아이콘_함성	icon_shout.png	1	1	0	0	10		
아이콘_화염구	icon_fireball.png	1	1	0	0	10		
아이콘_서리고리	icon_frost.png	1	1	0	0	10		
아이콘_연사	icon_multishot.png	1	1	0	0	10		
아이콘_관통화살	icon_pierce.png	1	1	0	0	10		
몸_여_공격_한손	body_f_attack1h.png	10	8	29	95	16		
몸_여_공격_활	body_f_attackbow.png	10	8	36	88	16		
몸_여_공격_지팡이	body_f_attackstaff.png	10	8	32	90	16		
몸_여_시전	body_f_cast.png	8	8	33	90	12		
몸_여_죽음	body_f_death.png	12	8	52	84	12		
몸_여_서기_한손	body_f_idle1h.png	8	8	23	84	5		
몸_여_서기_활	body_f_idlebow.png	8	8	23	84	5		
몸_여_서기_지팡이	body_f_idlestaff.png	8	8	25	84	5		
몸_여_걷기_한손	body_f_walk1h.png	12	8	28	82	30		2.268
몸_여_걷기_활	body_f_walkbow.png	12	8	28	82	30		2.268
몸_여_걷기_지팡이	body_f_walkstaff.png	12	8	28	82	30		2.268
몸_남_공격_한손	body_m_attack1h.png	10	8	34	106	16		
몸_남_공격_활	body_m_attackbow.png	10	8	41	100	16		
몸_남_공격_지팡이	body_m_attackstaff.png	10	8	37	100	16		
몸_남_시전	body_m_cast.png	8	8	38	100	12		
몸_남_죽음	body_m_death.png	12	8	58	92	12		
몸_남_서기_한손	body_m_idle1h.png	8	8	28	91	5		
몸_남_서기_활	body_m_idlebow.png	8	8	28	91	5		
몸_남_서기_지팡이	body_m_idlestaff.png	8	8	28	91	5		
몸_남_걷기_한손	body_m_walk1h.png	12	8	31	89	30		2.594
몸_남_걷기_활	body_m_walkbow.png	12	8	33	89	30		2.594
몸_남_걷기_지팡이	body_m_walkstaff.png	12	8	32	89	30		2.594
가죽장화_여_공격_한손	boots_f_attack1h.png	10	8	20	26	16		
가죽장화_여_공격_활	boots_f_attackbow.png	10	8	18	25	16		
가죽장화_여_공격_지팡이	boots_f_attackstaff.png	10	8	22	28	16		
가죽장화_여_시전	boots_f_cast.png	8	8	22	28	12		
가죽장화_여_죽음	boots_f_death.png	12	8	53	34	12		
가죽장화_여_서기_한손	boots_f_idle1h.png	8	8	18	25	5		
가죽장화_여_서기_활	boots_f_idlebow.png	8	8	18	25	5		
가죽장화_여_서기_지팡이	boots_f_idlestaff.png	8	8	18	25	5		
가죽장화_여_걷기_한손	boots_f_walk1h.png	12	8	27	37	30		2.268
가죽장화_여_걷기_활	boots_f_walkbow.png	12	8	27	37	30		2.268
가죽장화_여_걷기_지팡이	boots_f_walkstaff.png	12	8	27	37	30		2.268
가죽장화_남_공격_한손	boots_m_attack1h.png	10	8	22	29	16		
가죽장화_남_공격_활	boots_m_attackbow.png	10	8	20	28	16		
가죽장화_남_공격_지팡이	boots_m_attackstaff.png	10	8	24	31	16		
가죽장화_남_시전	boots_m_cast.png	8	8	25	30	12		
가죽장화_남_죽음	boots_m_death.png	12	8	58	38	12		
가죽장화_남_서기_한손	boots_m_idle1h.png	8	8	20	29	5		
가죽장화_남_서기_활	boots_m_idlebow.png	8	8	20	29	5		
가죽장화_남_서기_지팡이	boots_m_idlestaff.png	8	8	20	29	5		
가죽장화_남_걷기_한손	boots_m_walk1h.png	12	8	30	42	30		2.594
가죽장화_남_걷기_활	boots_m_walkbow.png	12	8	30	42	30		2.594
가죽장화_남_걷기_지팡이	boots_m_walkstaff.png	12	8	30	42	30		2.594
십자군갑옷_여_공격_한손	crusader_f_attack1h.png	10	8	26	91	16		
십자군갑옷_여_공격_활	crusader_f_attackbow.png	10	8	30	84	16		
십자군갑옷_여_공격_지팡이	crusader_f_attackstaff.png	10	8	26	88	16		
십자군갑옷_여_시전	crusader_f_cast.png	8	8	27	84	12		
십자군갑옷_여_죽음	crusader_f_death.png	12	8	42	72	12		
십자군갑옷_여_서기_한손	crusader_f_idle1h.png	8	8	22	74	5		
십자군갑옷_여_서기_활	crusader_f_idlebow.png	8	8	21	71	5		
십자군갑옷_여_서기_지팡이	crusader_f_idlestaff.png	8	8	21	71	5		
십자군갑옷_여_걷기_한손	crusader_f_walk1h.png	12	8	25	67	30		2.268
십자군갑옷_여_걷기_활	crusader_f_walkbow.png	12	8	24	67	30		2.268
십자군갑옷_여_걷기_지팡이	crusader_f_walkstaff.png	12	8	24	67	30		2.268
십자군갑옷_남_공격_한손	crusader_m_attack1h.png	10	8	29	100	16		
십자군갑옷_남_공격_활	crusader_m_attackbow.png	10	8	33	94	16		
십자군갑옷_남_공격_지팡이	crusader_m_attackstaff.png	10	8	28	96	16		
십자군갑옷_남_시전	crusader_m_cast.png	8	8	29	92	12		
십자군갑옷_남_죽음	crusader_m_death.png	12	8	46	81	12		
십자군갑옷_남_서기_한손	crusader_m_idle1h.png	8	8	26	81	5		
십자군갑옷_남_서기_활	crusader_m_idlebow.png	8	8	24	78	5		
십자군갑옷_남_서기_지팡이	crusader_m_idlestaff.png	8	8	23	78	5		
십자군갑옷_남_걷기_한손	crusader_m_walk1h.png	12	8	27	74	30		2.594
십자군갑옷_남_걷기_활	crusader_m_walkbow.png	12	8	27	73	30		2.594
십자군갑옷_남_걷기_지팡이	crusader_m_walkstaff.png	12	8	27	73	30		2.594
강철투구_여_공격_한손	helm_f_attack1h.png	10	8	16	80	16		
강철투구_여_공격_활	helm_f_attackbow.png	10	8	11	78	16		
강철투구_여_공격_지팡이	helm_f_attackstaff.png	10	8	15	78	16		
강철투구_여_시전	helm_f_cast.png	8	8	12	78	12		
강철투구_여_죽음	helm_f_death.png	12	8	41	81	12		
강철투구_여_서기_한손	helm_f_idle1h.png	8	8	11	77	5		
강철투구_여_서기_활	helm_f_idlebow.png	8	8	11	77	5		
강철투구_여_서기_지팡이	helm_f_idlestaff.png	8	8	11	77	5		
강철투구_여_걷기_한손	helm_f_walk1h.png	12	8	21	75	30		2.268
강철투구_여_걷기_활	helm_f_walkbow.png	12	8	21	75	30		2.268
강철투구_여_걷기_지팡이	helm_f_walkstaff.png	12	8	21	75	30		2.268
강철투구_남_공격_한손	helm_m_attack1h.png	10	8	16	87	16		
강철투구_남_공격_활	helm_m_attackbow.png	10	8	12	85	16		
강철투구_남_공격_지팡이	helm_m_attackstaff.png	10	8	16	85	16		
강철투구_남_시전	helm_m_cast.png	8	8	13	85	12		
강철투구_남_죽음	helm_m_death.png	12	8	44	89	12		
강철투구_남_서기_한손	helm_m_idle1h.png	8	8	11	84	5		
강철투구_남_서기_활	helm_m_idlebow.png	8	8	11	84	5		
강철투구_남_서기_지팡이	helm_m_idlestaff.png	8	8	11	84	5		
강철투구_남_걷기_한손	helm_m_walk1h.png	12	8	22	81	30		2.594
강철투구_남_걷기_활	helm_m_walkbow.png	12	8	22	81	30		2.594
강철투구_남_걷기_지팡이	helm_m_walkstaff.png	12	8	22	81	30		2.594
사냥활_여_공격_활	huntbow_f_attackbow.png	10	8	31	101	16	9,31,52,53,53,53,53,53,36,9,16,37,54,55,55,55,55,55,41,16,19,27,35,35,35,35,35,35,28,19,3,-2,2,3,3,3,3,3,-2,3,-5,-12,-6,-5,-5,-5,-5,-5,-12,-5,-12,-17,-8,-7,-7,-7,-7,-7,-17,-12,-16,-8,11,12,12,12,12,12,-5,-16,0,21,44,45,45,45,45,45,26,0	
사냥활_여_시전	huntbow_f_cast.png	8	8	40	88	12	8,20,38,42,42,39,21,8,15,27,45,49,46,42,26,15,18,22,35,39,29,24,19,18,3,-2,0,5,-4,-7,-5,3,-5,-12,-12,-8,-13,-15,-13,-5,-12,-19,-19,-15,-17,-18,-18,-12,-15,-14,-8,-5,0,0,-11,-15,0,10,26,29,33,31,13,0	
사냥활_여_죽음	huntbow_f_death.png	12	8	50	73	12	23,23,23,23,23,21,19,22,27,33,36,37,33,33,33,33,32,29,27,30,36,42,45,46,33,33,33,32,28,23,21,22,24,26,26,26,4,4,4,2,-3,-8,-10,-12,-18,-23,-28,-29,-9,-9,-9,-11,-16,-20,-22,-25,-33,-40,-46,-48,-19,-19,-19,-21,-25,-28,-29,-33,-41,-50,-56,-58,-19,-19,-19,-20,-21,-22,-23,-25,-29,-34,-36,-37,10,10,10,10,10,9,7,9,12,15,17,18	
사냥활_여_서기_활	huntbow_f_idlebow.png	8	8	21	74	5	9,9,9,10,10,10,9,9,16,16,16,17,17,17,16,16,19,19,19,20,20,20,19,19,3,3,3,3,2,3,3,3,-5,-5,-6,-6,-6,-6,-6,-5,-12,-13,-13,-13,-13,-13,-13,-13,-16,-16,-16,-16,-16,-16,-16,-16,0,0,1,1,1,1,1,0	
사냥활_여_걷기_활	huntbow_f_walkbow.png	12	8	28	71	30	9,9,10,12,15,18,20,21,20,17,14,11,15,14,15,18,21,24,26,27,26,23,19,16,13,13,14,15,16,18,19,19,17,15,14,13,-5,-4,-5,-6,-7,-8,-9,-10,-10,-10,-9,-7,-13,-12,-13,-15,-17,-18,-19,-20,-20,-19,-17,-15,-18,-18,-19,-20,-23,-24,-26,-26,-26,-24,-22,-20,-17,-17,-17,-17,-18,-18,-18,-18,-17,-17,-17,-17,2,1,2,3,6,8,10,11,10,8,6,3	2.268
사냥활_남_공격_활	huntbow_m_attackbow.png	10	8	35	111	16	14,39,62,62,62,62,62,62,44,14,23,46,65,66,66,66,66,66,51,23,25,33,41,42,42,42,42,42,34,25,0,-5,0,1,1,1,1,1,-6,0,-12,-18,-11,-10,-10,-10,-10,-10,-19,-12,-21,-26,-15,-14,-14,-14,-14,-14,-25,-21,-23,-12,9,10,10,10,10,10,-9,-23,2,26,51,51,51,51,51,51,31,2	
사냥활_남_시전	huntbow_m_cast.png	8	8	41	98	12	14,27,43,45,49,47,29,14,22,35,52,54,54,51,35,22,22,28,42,46,36,30,24,22,-1,-4,3,9,-4,-9,-9,-1,-12,-17,-11,-6,-16,-20,-20,-12,-21,-25,-20,-15,-21,-24,-26,-21,-21,-18,-10,-7,-2,-3,-15,-21,3,15,28,31,37,36,17,3	
사냥활_남_죽음	huntbow_m_death.png	12	8	55	83	12	29,29,29,30,29,26,24,26,32,37,41,42,41,41,41,41,40,36,33,36,42,49,52,53,40,40,40,39,33,27,24,26,29,31,32,32,5,5,5,2,-5,-11,-14,-16,-20,-25,-28,-30,-11,-11,-11,-14,-21,-27,-29,-32,-38,-45,-49,-51,-23,-23,-23,-25,-31,-36,-38,-41,-48,-56,-61,-62,-22,-22,-22,-22,-25,-28,-29,-31,-35,-39,-41,-41,13,13,13,14,14,11,9,11,14,17,20,21	
사냥활_남_서기_활	huntbow_m_idlebow.png	8	8	25	82	5	14,14,15,15,16,15,15,14,23,24,24,25,25,25,24,24,25,25,26,26,26,26,26,25,0,0,0,0,0,0,0,0,-12,-12,-12,-12,-12,-12,-12,-12,-21,-21,-22,-22,-22,-22,-22,-21,-23,-23,-23,-23,-23,-23,-23,-23,2,2,3,3,3,3,3,2	
사냥활_남_걷기_활	huntbow_m_walkbow.png	12	8	32	79	30	14,14,15,17,21,25,27,28,27,24,20,17,21,20,22,25,29,33,35,36,34,31,26,23,14,14,16,18,20,23,24,24,22,19,16,14,-13,-12,-12,-13,-13,-14,-14,-15,-16,-16,-16,-15,-24,-23,-23,-24,-26,-27,-28,-29,-29,-29,-27,-25,-30,-29,-30,-32,-34,-35,-36,-36,-36,-35,-34,-31,-23,-24,-24,-25,-25,-25,-25,-25,-24,-23,-23,-23,4,3,4,6,8,11,13,14,14,12,9,6	2.594
연방패_여_공격_한손	kiteshield_f_attack1h.png	10	8	34	88	16	32,36,42,45,38,19,18,23,29,32,42,45,48,49,47,34,33,37,41,42,38,37,33,30,37,44,45,43,40,38,3,1,-3,-5,1,16,17,12,6,3,-12,-13,-15,-14,-13,-1,1,-5,-10,-12,-22,-22,-20,-18,-21,-15,-14,-18,-21,-22,-18,-14,-5,1,-12,-26,-26,-24,-21,-18,17,22,31,36,25,3,1,6,14,17	
연방패_여_시전	kiteshield_f_cast.png	8	8	37	96	12	10,27,46,48,52,48,26,10,20,36,56,59,58,53,34,20,23,30,46,52,38,31,24,23,-2,-6,3,10,-6,-12,-10,-2,-14,-20,-13,-6,-20,-24,-23,-14,-23,-30,-23,-17,-26,-29,-30,-23,-26,-23,-14,-10,-6,-7,-20,-26,-2,12,29,31,38,36,14,-2	
연방패_여_죽음	kiteshield_f_death.png	12	8	52	87	12	30,30,30,30,29,26,24,26,32,38,42,43,44,44,44,43,41,37,35,38,45,51,55,56,43,43,43,42,37,31,28,29,33,36,37,37,4,4,4,2,-5,-11,-13,-15,-19,-23,-26,-27,-14,-14,-14,-16,-22,-28,-30,-32,-38,-45,-49,-50,-27,-27,-27,-29,-35,-39,-40,-44,-51,-58,-62,-64,-27,-27,-27,-28,-30,-32,-33,-35,-39,-43,-45,-45,12,12,12,12,12,9,7,9,12,16,19,19	
연방패_여_서기_한손	kiteshield_f_idle1h.png	8	8	32	87	5	32,32,33,33,34,33,33,32,42,43,43,44,44,44,43,43,38,38,39,39,39,39,39,38,3,3,3,4,4,4,3,3,-12,-12,-12,-11,-11,-11,-12,-12,-22,-22,-22,-22,-22,-22,-22,-22,-18,-18,-18,-17,-17,-17,-18,-18,17,17,18,18,19,18,18,17	
연방패_여_걷기_한손	kiteshield_f_walk1h.png	12	8	34	82	30	33,33,33,33,35,36,36,37,37,37,36,34,40,39,40,41,43,45,46,46,46,44,43,41,24,25,26,29,32,34,35,35,33,30,27,25,-15,-14,-13,-11,-9,-7,-6,-7,-9,-11,-13,-15,-28,-27,-26,-25,-24,-22,-22,-22,-24,-26,-27,-28,-34,-34,-33,-33,-32,-32,-31,-32,-32,-33,-34,-34,-19,-19,-20,-20,-21,-21,-20,-20,-20,-19,-19,-19,20,20,19,19,20,20,21,22,22,22,22,21	2.268
연방패_남_공격_한손	kiteshield_m_attack1h.png	10	8	36	96	16	34,39,46,49,41,20,18,24,31,34,47,49,53,54,51,37,35,40,45,47,44,42,38,35,42,50,50,49,46,44,5,2,-2,-3,2,20,21,15,8,5,-13,-14,-15,-15,-13,1,2,-4,-10,-13,-25,-25,-22,-19,-23,-16,-15,-20,-24,-25,-22,-18,-8,-1,-14,-30,-31,-29,-25,-22,17,22,32,38,26,1,-1,5,13,17	
연방패_남_시전	kiteshield_m_cast.png	8	8	39	105	12	14,31,49,51,57,54,31,14,25,42,61,64,64,60,40,25,26,34,52,57,43,35,28,26,-5,-8,5,13,-7,-14,-13,-5,-19,-24,-14,-6,-23,-29,-28,-19,-30,-35,-26,-19,-30,-34,-37,-30,-31,-27,-16,-12,-9,-10,-25,-31,0,15,31,32,41,40,16,0	
연방패_남_죽음	kiteshield_m_death.png	12	8	55	95	12	34,34,34,35,33,29,26,29,34,40,44,46,50,50,50,49,47,42,39,41,49,56,60,61,49,49,49,47,41,34,30,32,37,41,43,43,5,5,5,2,-6,-14,-16,-18,-20,-23,-26,-27,-15,-15,-15,-18,-26,-33,-35,-38,-43,-48,-51,-53,-30,-30,-30,-33,-40,-46,-48,-50,-57,-63,-67,-68,-30,-30,-30,-31,-34,-38,-39,-41,-45,-48,-50,-50,14,14,14,14,13,10,7,9,12,16,19,20	
연방패_남_서기_한손	kiteshield_m_idle1h.png	8	8	35	94	5	34,34,35,35,36,35,35,34,47,47,47,48,48,48,47,47,44,44,45,45,45,45,45,44,5,5,5,5,6,5,5,5,-13,-13,-12,-12,-12,-12,-12,-13,-25,-25,-25,-24,-24,-24,-25,-25,-22,-22,-22,-22,-21,-22,-22,-22,17,17,18,18,18,18,18,17	
연방패_남_걷기_한손	kiteshield_m_walk1h.png	12	8	36	89	30	36,36,36,36,37,38,39,39,40,39,39,37,44,44,44,46,47,49,50,50,50,49,47,45,28,28,30,33,36,39,40,39,37,34,31,29,-16,-15,-14,-11,-9,-7,-6,-7,-9,-12,-14,-16,-31,-30,-29,-27,-26,-24,-23,-24,-26,-28,-30,-31,-39,-38,-38,-37,-36,-35,-34,-35,-36,-37,-38,-39,-22,-23,-23,-24,-25,-24,-24,-24,-23,-23,-22,-22,22,21,20,20,20,21,21,22,23,23,23,22	2.594
가죽갑옷_여_공격_한손	leatherarmor_f_attack1h.png	10	8	25	89	16		
가죽갑옷_여_공격_활	leatherarmor_f_attackbow.png	10	8	29	84	16		
가죽갑옷_여_공격_지팡이	leatherarmor_f_attackstaff.png	10	8	25	86	16		
가죽갑옷_여_시전	leatherarmor_f_cast.png	8	8	26	82	12		
가죽갑옷_여_죽음	leatherarmor_f_death.png	12	8	40	70	12		
가죽갑옷_여_서기_한손	leatherarmor_f_idle1h.png	8	8	21	72	5		
가죽갑옷_여_서기_활	leatherarmor_f_idlebow.png	8	8	20	70	5		
가죽갑옷_여_서기_지팡이	leatherarmor_f_idlestaff.png	8	8	20	70	5		
가죽갑옷_여_걷기_한손	leatherarmor_f_walk1h.png	12	8	24	67	30		2.268
가죽갑옷_여_걷기_활	leatherarmor_f_walkbow.png	12	8	23	67	30		2.268
가죽갑옷_여_걷기_지팡이	leatherarmor_f_walkstaff.png	12	8	22	67	30		2.268
가죽갑옷_남_공격_한손	leatherarmor_m_attack1h.png	10	8	28	99	16		
가죽갑옷_남_공격_활	leatherarmor_m_attackbow.png	10	8	32	94	16		
가죽갑옷_남_공격_지팡이	leatherarmor_m_attackstaff.png	10	8	27	95	16		
가죽갑옷_남_시전	leatherarmor_m_cast.png	8	8	29	91	12		
가죽갑옷_남_죽음	leatherarmor_m_death.png	12	8	45	81	12		
가죽갑옷_남_서기_한손	leatherarmor_m_idle1h.png	8	8	25	81	5		
가죽갑옷_남_서기_활	leatherarmor_m_idlebow.png	8	8	24	77	5		
가죽갑옷_남_서기_지팡이	leatherarmor_m_idlestaff.png	8	8	22	77	5		
가죽갑옷_남_걷기_한손	leatherarmor_m_walk1h.png	12	8	26	74	30		2.594
가죽갑옷_남_걷기_활	leatherarmor_m_walkbow.png	12	8	27	73	30		2.594
가죽갑옷_남_걷기_지팡이	leatherarmor_m_walkstaff.png	12	8	25	73	30		2.594
장검_여_공격_한손	longsword_f_attack1h.png	10	8	68	109	16	48,55,19,-19,34,84,72,72,57,48,32,37,6,-25,19,85,76,64,44,32,-15,-8,1,-3,4,36,31,6,-12,-15,-28,-14,33,47,30,-37,-42,-49,-38,-28,-19,-4,50,63,45,-54,-60,-55,-32,-19,-4,14,63,69,60,-55,-63,-47,-19,-4,44,59,67,47,75,-6,-18,10,37,44,57,64,35,-3,49,67,55,66,63,57	
장검_여_시전	longsword_f_cast.png	8	8	38	102	12	39,40,25,16,38,47,45,39,26,24,12,4,24,32,29,26,-12,-7,-2,-5,-3,-2,-10,-12,-16,-4,16,18,6,-1,-12,-16,-4,7,29,31,17,10,-2,-4,9,23,41,43,32,25,14,9,47,54,56,52,59,59,53,47,52,51,38,30,50,58,56,52	
장검_여_죽음	longsword_f_death.png	12	8	43	99	12	37,37,37,39,45,50,52,54,58,59,52,49,24,24,24,26,31,35,36,38,41,42,35,32,-2,-2,-2,-2,-3,-6,-7,-8,-12,-17,-23,-26,4,4,4,1,-7,-15,-19,-23,-34,-46,-53,-54,15,15,15,12,3,-6,-12,-16,-28,-41,-46,-47,28,28,28,26,18,9,4,0,-12,-25,-29,-30,53,53,53,53,52,49,48,46,41,34,29,27,48,48,48,50,55,59,60,61,64,64,59,55	
장검_여_서기_한손	longsword_f_idle1h.png	8	8	34	103	5	48,48,49,49,50,49,49,48,32,32,32,33,33,33,32,32,-15,-15,-14,-13,-13,-13,-14,-15,-28,-28,-27,-27,-27,-27,-27,-28,-19,-19,-19,-19,-19,-19,-19,-19,-4,-3,-3,-2,-2,-2,-3,-3,44,44,44,44,44,44,44,44,57,57,57,57,57,57,57,57	
장검_여_걷기_한손	longsword_f_walk1h.png	12	8	43	94	30	42,42,43,43,43,43,42,41,41,41,41,41,23,24,25,26,26,26,25,24,24,23,23,23,-28,-28,-28,-27,-26,-26,-26,-26,-27,-28,-28,-29,-36,-36,-38,-40,-41,-42,-43,-42,-41,-40,-38,-37,-22,-23,-25,-28,-31,-33,-33,-32,-31,-28,-26,-23,-4,-4,-7,-10,-14,-15,-16,-15,-13,-11,-7,-5,48,47,45,42,39,36,35,35,38,41,44,47,55,56,56,55,54,52,52,51,52,53,54,55	2.268
장검_남_공격_한손	longsword_m_attack1h.png	10	8	72	120	16	54,64,23,-22,39,91,78,79,64,54,36,43,7,-30,22,93,83,70,49,36,-22,-12,-1,-5,3,38,32,5,-17,-22,-40,-23,35,53,31,-45,-50,-59,-50,-40,-30,-12,54,71,48,-63,-70,-66,-44,-30,-12,9,70,79,66,-65,-74,-58,-28,-12,46,65,77,54,84,-10,-23,8,38,46,64,75,42,-4,57,73,58,72,71,64	
장검_남_시전	longsword_m_cast.png	8	8	40	110	12	47,49,30,20,47,57,55,47,31,31,16,6,29,39,35,31,-17,-10,-3,-5,-5,-4,-14,-17,-26,-10,16,20,2,-7,-21,-26,-13,2,31,35,16,5,-10,-13,4,20,45,49,33,23,10,4,52,61,64,60,67,66,59,52,61,61,45,35,60,69,66,61	
장검_남_죽음	longsword_m_death.png	12	8	49	109	12	46,46,46,48,54,58,60,61,64,64,57,53,30,30,30,32,37,40,41,43,45,45,38,33,-3,-3,-3,-4,-6,-10,-12,-13,-17,-22,-29,-32,-1,-1,-1,-4,-13,-23,-28,-32,-43,-56,-62,-64,12,12,12,8,-2,-14,-19,-24,-36,-50,-55,-56,28,28,28,25,15,4,-1,-6,-17,-31,-35,-37,61,61,61,60,58,54,52,50,45,37,31,29,58,58,58,60,65,68,68,69,71,71,64,61	
장검_남_서기_한손	longsword_m_idle1h.png	8	8	38	109	5	54,55,56,56,57,56,56,55,36,36,37,37,37,37,37,36,-22,-21,-20,-20,-19,-20,-20,-21,-40,-40,-39,-39,-38,-39,-39,-40,-30,-30,-30,-30,-30,-30,-30,-30,-12,-11,-11,-10,-10,-10,-11,-11,46,46,46,46,46,46,46,46,64,65,65,65,65,65,65,65	
장검_남_걷기_한손	longsword_m_walk1h.png	12	8	48	99	30	45,45,46,46,46,45,44,43,43,43,44,44,22,23,24,25,26,25,24,23,22,22,22,21,-39,-38,-38,-37,-36,-35,-35,-36,-37,-38,-39,-39,-48,-48,-50,-52,-54,-55,-55,-54,-53,-52,-50,-49,-32,-33,-35,-38,-41,-43,-44,-43,-41,-38,-35,-33,-9,-10,-13,-17,-21,-23,-23,-22,-20,-17,-13,-10,52,51,49,45,40,37,36,36,39,43,47,50,61,61,61,60,58,57,55,55,56,57,58,60	2.594
참나무지팡이_여_공격_지팡이	oakstaff_f_attackstaff.png	10	8	72	127	16	41,49,48,20,24,60,43,45,44,41,31,41,38,14,16,51,37,37,35,31,-2,3,14,11,12,8,-1,-2,-4,-2,-25,-16,10,32,32,-24,-31,-31,-28,-25,-22,-13,16,42,41,-24,-33,-30,-27,-22,-13,-6,26,48,49,-16,-26,-22,-18,-13,20,32,50,52,52,27,11,16,21,20,44,52,54,30,33,59,42,45,45,44	
참나무지팡이_여_시전	oakstaff_f_cast.png	8	8	59	119	12	27,44,52,51,59,58,44,27,17,32,42,42,49,49,33,17,-17,-11,3,7,10,8,-9,-17,-31,-30,-10,-1,-14,-20,-34,-31,-27,-28,-4,6,-12,-20,-32,-27,-16,-16,6,15,-2,-11,-21,-16,17,27,45,50,37,30,21,17,32,46,58,58,62,59,47,32	
참나무지팡이_여_죽음	oakstaff_f_death.png	12	8	71	111	12	39,39,39,41,43,47,47,47,44,38,29,25,26,26,26,28,31,33,33,32,29,21,13,8,-15,-15,-15,-14,-15,-18,-18,-21,-27,-36,-44,-47,-29,-29,-29,-31,-36,-42,-45,-48,-55,-62,-66,-67,-20,-20,-20,-22,-29,-39,-42,-45,-52,-58,-61,-61,-7,-7,-7,-9,-17,-25,-28,-31,-37,-42,-44,-44,34,34,34,33,29,26,23,22,19,15,12,11,48,48,48,49,50,50,49,49,47,41,35,31	
참나무지팡이_여_서기_지팡이	oakstaff_f_idlestaff.png	8	8	30	110	5	41,41,42,42,43,42,42,41,31,32,32,33,33,33,32,32,-2,-1,-1,0,0,0,-1,-1,-25,-25,-24,-23,-22,-23,-24,-25,-22,-22,-22,-22,-21,-22,-22,-22,-13,-13,-12,-12,-12,-12,-12,-13,20,21,21,21,22,21,21,21,44,44,44,44,44,44,44,44	
참나무지팡이_여_걷기_지팡이	oakstaff_f_walkstaff.png	12	8	52	110	30	47,47,48,47,44,41,39,39,40,42,45,47,35,36,36,35,34,32,30,29,29,31,32,34,-11,-10,-11,-12,-11,-11,-12,-12,-13,-14,-14,-14,-37,-37,-37,-38,-38,-37,-37,-37,-37,-37,-37,-37,-32,-32,-35,-37,-38,-38,-37,-37,-37,-36,-36,-35,-20,-21,-23,-25,-27,-28,-28,-27,-26,-25,-23,-21,27,26,25,22,18,15,13,14,16,20,23,27,52,52,51,48,44,41,38,38,40,43,47,50	2.268
참나무지팡이_남_공격_지팡이	oakstaff_m_attackstaff.png	10	8	75	133	16	48,55,49,17,21,67,50,52,52,48,37,46,38,10,12,56,41,41,40,37,-3,2,12,7,9,5,-6,-6,-7,-3,-30,-19,12,34,33,-31,-41,-39,-34,-30,-27,-15,20,47,46,-30,-42,-38,-33,-27,-15,-6,31,54,55,-19,-33,-28,-22,-15,25,38,56,56,58,32,14,20,25,25,51,59,57,29,33,68,49,53,53,51	
참나무지팡이_남_시전	oakstaff_m_cast.png	8	8	58	129	12	33,51,57,55,66,66,51,33,20,36,45,43,54,54,38,20,-22,-14,1,6,8,6,-13,-22,-40,-37,-12,-1,-18,-26,-43,-40,-34,-33,-4,8,-14,-24,-39,-34,-20,-18,8,20,-2,-13,-25,-20,22,33,52,57,44,36,26,22,39,55,65,63,70,68,55,39	
참나무지팡이_남_죽음	oakstaff_m_death.png	12	8	77	120	12	46,46,46,47,50,53,52,52,49,41,33,28,30,30,30,32,35,36,36,35,31,23,13,9,-17,-17,-17,-17,-18,-23,-24,-26,-33,-42,-50,-53,-33,-33,-33,-35,-42,-49,-53,-56,-63,-70,-74,-75,-23,-23,-23,-25,-34,-45,-49,-52,-59,-65,-68,-68,-7,-7,-7,-10,-19,-28,-32,-35,-41,-46,-48,-48,41,41,41,39,34,30,27,26,22,18,15,14,56,56,56,57,58,57,56,56,53,47,39,35	
참나무지팡이_남_서기_지팡이	oakstaff_m_idlestaff.png	8	8	33	118	5	48,48,49,49,50,49,49,48,37,37,38,38,38,38,38,37,-3,-3,-2,-2,-2,-2,-2,-3,-30,-30,-29,-28,-27,-28,-29,-30,-27,-26,-26,-26,-25,-26,-26,-26,-15,-15,-15,-14,-14,-14,-15,-15,25,25,25,26,26,26,25,25,51,52,52,52,51,52,52,52	
참나무지팡이_남_걷기_지팡이	oakstaff_m_walkstaff.png	12	8	56	118	30	55,55,56,55,52,49,47,46,47,50,53,55,40,41,41,40,39,37,35,34,34,35,37,38,-15,-14,-15,-15,-15,-15,-15,-16,-17,-18,-18,-18,-43,-43,-44,-45,-46,-46,-45,-45,-45,-45,-45,-44,-37,-37,-40,-43,-45,-46,-46,-45,-44,-43,-42,-40,-22,-23,-25,-29,-32,-33,-34,-33,-31,-29,-26,-23,33,32,31,27,22,18,17,17,20,24,29,33,61,61,60,57,53,49,47,47,49,52,56,59	2.594
붉은망토_여_공격_한손	redcape_f_attack1h.png	10	8	24	70	16	-24,-23,-20,-17,-21,-21,-21,-22,-24,-24,-24,-22,-18,-15,-20,-24,-24,-24,-24,-24,-11,-10,-7,-6,-9,-17,-17,-15,-12,-11,6,5,2,-1,2,2,2,4,5,6,9,7,2,-2,3,9,9,9,9,9,9,6,0,-4,2,12,12,12,10,9,-4,-7,-11,-13,-8,4,5,2,-2,-4,-21,-21,-20,-18,-19,-15,-14,-17,-19,-21	
붉은망토_여_공격_활	redcape_f_attackbow.png	10	8	21	71	16	-24,-24,-23,-23,-23,-23,-23,-23,-24,-24,-24,-22,-18,-18,-18,-18,-18,-18,-22,-24,-11,-7,-1,0,0,0,0,0,-6,-11,6,8,10,10,10,10,10,10,9,6,9,10,8,8,8,8,8,8,10,9,9,7,4,4,4,4,4,4,7,9,-4,-8,-14,-14,-14,-14,-14,-14,-9,-4,-21,-23,-24,-24,-24,-24,-24,-24,-23,-21	
붉은망토_여_공격_지팡이	redcape_f_attackstaff.png	10	8	30	71	16	-24,-23,-21,-19,-20,-28,-29,-28,-25,-24,-24,-23,-21,-18,-19,-26,-27,-26,-25,-24,-11,-11,-10,-9,-9,-6,-4,-7,-10,-11,6,5,2,0,2,15,18,14,8,6,9,8,4,1,3,17,21,17,12,9,9,7,4,0,2,15,18,15,11,9,-4,-5,-7,-9,-9,-5,-4,-4,-4,-4,-21,-20,-19,-18,-19,-25,-26,-25,-22,-21	
붉은망토_여_시전	redcape_f_cast.png	8	8	22	71	12	-23,-22,-21,-21,-25,-26,-24,-23,-22,-21,-20,-19,-23,-24,-23,-22,-8,-8,-9,-9,-7,-7,-8,-8,6,5,3,2,9,10,8,6,8,6,4,3,11,12,10,8,6,5,3,2,9,11,8,6,-8,-8,-8,-8,-7,-7,-7,-8,-22,-21,-20,-19,-23,-24,-22,-22	
붉은망토_여_죽음	redcape_f_death.png	12	8	36	69	12	-16,-16,-16,-18,-23,-24,-23,-21,-17,-12,-8,-6,-15,-15,-15,-17,-21,-22,-20,-19,-16,-11,-7,-6,-10,-10,-10,-9,-7,-2,1,1,3,4,5,5,-4,-4,-4,-1,8,18,23,23,23,22,20,20,-4,-4,-4,0,10,21,25,26,26,25,23,23,-4,-4,-4,-1,9,19,23,24,24,24,23,22,-9,-9,-9,-9,-6,-1,2,3,6,9,11,11,-15,-15,-15,-17,-21,-21,-20,-18,-14,-9,-5,-3	
붉은망토_여_서기_한손	redcape_f_idle1h.png	8	8	21	70	5	-24,-24,-23,-23,-23,-23,-23,-24,-24,-24,-23,-23,-23,-23,-23,-24,-11,-11,-11,-11,-11,-11,-11,-11,6,5,5,5,4,5,5,5,9,9,8,8,8,8,8,9,9,9,8,8,8,8,8,9,-4,-4,-4,-4,-4,-4,-4,-4,-21,-20,-20,-20,-20,-20,-20,-20	
붉은망토_여_서기_활	redcape_f_idlebow.png	8	8	21	70	5	-24,-24,-23,-23,-23,-23,-23,-24,-24,-24,-23,-23,-23,-23,-23,-24,-11,-11,-11,-11,-11,-11,-11,-11,6,5,5,5,4,5,5,5,9,9,8,8,8,8,8,9,9,9,8,8,8,8,8,9,-4,-4,-4,-4,-4,-4,-4,-4,-21,-20,-20,-20,-20,-20,-20,-20	
붉은망토_여_서기_지팡이	redcape_f_idlestaff.png	8	8	21	70	5	-24,-24,-23,-23,-23,-23,-23,-24,-24,-24,-23,-23,-23,-23,-23,-24,-11,-11,-11,-11,-11,-11,-11,-11,6,5,5,5,4,5,5,5,9,9,8,8,8,8,8,9,9,9,8,8,8,8,8,9,-4,-4,-4,-4,-4,-4,-4,-4,-21,-20,-20,-20,-20,-20,-20,-20	
붉은망토_여_걷기_한손	redcape_f_walk1h.png	12	8	28	66	30	-24,-24,-24,-24,-24,-24,-24,-24,-24,-24,-24,-24,-21,-21,-22,-22,-22,-23,-23,-23,-22,-22,-22,-21,-1,-2,-3,-4,-5,-5,-6,-5,-5,-4,-3,-2,16,16,15,15,14,14,14,14,14,15,15,16,17,17,17,17,17,17,17,17,17,17,17,17,14,14,14,15,15,16,16,16,15,15,14,14,-6,-5,-5,-4,-3,-2,-1,-2,-3,-4,-5,-5,-23,-23,-22,-22,-22,-21,-21,-21,-22,-22,-22,-23	2.268
붉은망토_여_걷기_활	redcape_f_walkbow.png	12	8	28	66	30	-24,-24,-24,-24,-24,-24,-24,-24,-24,-24,-24,-24,-21,-21,-22,-22,-22,-23,-23,-23,-22,-22,-22,-21,-1,-2,-3,-4,-5,-5,-6,-5,-5,-4,-3,-2,16,16,15,15,14,14,14,14,14,15,15,16,17,17,17,17,17,17,17,17,17,17,17,17,14,14,14,15,15,16,16,16,15,15,14,14,-6,-5,-5,-4,-3,-2,-1,-2,-3,-4,-5,-5,-23,-23,-22,-22,-22,-21,-21,-21,-22,-22,-22,-23	2.268
붉은망토_여_걷기_지팡이	redcape_f_walkstaff.png	12	8	28	66	30	-24,-24,-24,-24,-24,-24,-24,-24,-24,-24,-24,-24,-21,-21,-22,-22,-22,-23,-23,-23,-22,-22,-22,-21,-1,-2,-3,-4,-5,-5,-6,-5,-5,-4,-3,-2,16,16,15,15,14,14,14,14,14,15,15,16,17,17,17,17,17,17,17,17,17,17,17,17,14,14,14,15,15,16,16,16,15,15,14,14,-6,-5,-5,-4,-3,-2,-1,-2,-3,-4,-5,-5,-23,-23,-22,-22,-22,-21,-21,-21,-22,-22,-22,-23	2.268
붉은망토_남_공격_한손	redcape_m_attack1h.png	10	8	25	77	16	-24,-23,-20,-18,-21,-22,-21,-23,-24,-24,-24,-22,-18,-15,-20,-24,-25,-25,-24,-24,-11,-9,-7,-6,-9,-16,-17,-15,-12,-11,5,4,2,0,2,2,2,4,5,5,8,6,2,-1,3,8,9,9,9,8,8,5,0,-4,2,11,12,11,9,8,-5,-7,-11,-13,-9,3,4,1,-3,-5,-21,-21,-20,-19,-20,-16,-15,-18,-20,-21	
붉은망토_남_공격_활	redcape_m_attackbow.png	10	8	21	77	16	-24,-24,-23,-23,-23,-23,-23,-23,-24,-24,-24,-22,-18,-18,-18,-18,-18,-18,-21,-24,-11,-6,-1,0,0,0,0,0,-5,-11,5,8,9,9,9,9,9,9,8,5,8,9,7,7,7,7,7,7,9,8,8,6,3,2,2,2,2,2,6,8,-5,-9,-15,-15,-15,-15,-15,-15,-10,-5,-21,-23,-24,-24,-24,-24,-24,-24,-24,-21	
붉은망토_남_공격_지팡이	redcape_m_attackstaff.png	10	8	30	77	16	-24,-23,-22,-20,-21,-28,-29,-28,-25,-24,-24,-23,-21,-19,-20,-26,-27,-26,-25,-24,-11,-11,-10,-9,-9,-6,-6,-8,-10,-11,5,4,2,0,2,13,16,12,8,5,8,7,4,2,3,15,18,15,10,8,8,6,3,1,2,13,16,13,10,8,-5,-6,-7,-9,-9,-6,-5,-5,-5,-5,-21,-21,-20,-18,-19,-26,-27,-25,-23,-21	
붉은망토_남_시전	redcape_m_cast.png	8	8	22	77	12	-23,-23,-21,-21,-25,-26,-24,-23,-22,-21,-20,-20,-23,-24,-23,-22,-8,-9,-9,-9,-8,-7,-8,-8,5,4,2,2,8,9,7,5,7,6,4,3,10,11,9,7,5,4,3,2,8,9,7,5,-8,-8,-9,-9,-8,-7,-8,-8,-22,-21,-20,-20,-23,-24,-23,-22	
붉은망토_남_죽음	redcape_m_death.png	12	8	36	76	12	-16,-16,-16,-18,-23,-25,-24,-22,-18,-13,-9,-7,-16,-16,-16,-18,-22,-23,-22,-20,-17,-12,-8,-7,-10,-10,-10,-9,-7,-3,0,0,2,4,5,5,-3,-3,-3,-1,8,17,22,22,22,22,21,20,-3,-3,-3,0,10,20,24,25,26,25,24,23,-3,-3,-3,0,9,18,22,23,24,24,23,23,-9,-9,-9,-9,-6,-2,1,2,5,9,11,11,-15,-15,-15,-17,-21,-22,-21,-19,-15,-10,-6,-4	
붉은망토_남_서기_한손	redcape_m_idle1h.png	8	8	21	77	5	-24,-24,-24,-23,-23,-23,-24,-24,-24,-24,-23,-23,-23,-23,-23,-24,-11,-11,-11,-11,-11,-11,-11,-11,5,5,5,4,4,4,5,5,8,8,8,7,7,7,8,8,8,8,7,7,7,7,7,8,-5,-5,-5,-5,-5,-5,-5,-5,-21,-21,-21,-21,-20,-21,-21,-21	
붉은망토_남_서기_활	redcape_m_idlebow.png	8	8	21	77	5	-24,-24,-24,-23,-23,-23,-24,-24,-24,-24,-23,-23,-23,-23,-23,-24,-11,-11,-11,-11,-11,-11,-11,-11,5,5,5,4,4,4,5,5,8,8,8,7,7,7,8,8,8,8,7,7,7,7,7,8,-5,-5,-5,-5,-5,-5,-5,-5,-21,-21,-21,-21,-20,-21,-21,-21	
붉은망토_남_서기_지팡이	redcape_m_idlestaff.png	8	8	21	77	5	-24,-24,-24,-23,-23,-23,-24,-24,-24,-24,-23,-23,-23,-23,-23,-24,-11,-11,-11,-11,-11,-11,-11,-11,5,5,5,4,4,4,5,5,8,8,8,7,7,7,8,8,8,8,7,7,7,7,7,8,-5,-5,-5,-5,-5,-5,-5,-5,-21,-21,-21,-21,-20,-21,-21,-21	
붉은망토_남_걷기_한손	redcape_m_walk1h.png	12	8	28	71	30	-25,-25,-25,-25,-25,-25,-25,-25,-25,-25,-25,-25,-22,-22,-22,-23,-23,-23,-23,-23,-23,-23,-22,-22,-2,-2,-3,-4,-5,-6,-6,-6,-5,-4,-3,-2,15,15,15,14,14,13,13,13,14,14,15,15,16,16,16,16,16,16,16,16,16,16,16,16,13,13,14,14,15,15,15,15,15,14,14,13,-6,-6,-5,-4,-3,-2,-2,-2,-3,-4,-5,-6,-23,-23,-23,-23,-22,-22,-22,-22,-22,-23,-23,-23	2.594
붉은망토_남_걷기_활	redcape_m_walkbow.png	12	8	28	71	30	-25,-25,-25,-25,-25,-25,-25,-25,-25,-25,-25,-25,-22,-22,-22,-23,-23,-23,-23,-23,-23,-23,-22,-22,-2,-2,-3,-4,-5,-6,-6,-6,-5,-4,-3,-2,15,15,15,14,14,13,13,13,14,14,15,15,16,16,16,16,16,16,16,16,16,16,16,16,13,13,14,14,15,15,15,15,15,14,14,13,-6,-6,-5,-4,-3,-2,-2,-2,-3,-4,-5,-6,-23,-23,-23,-23,-22,-22,-22,-22,-22,-23,-23,-23	2.594
붉은망토_남_걷기_지팡이	redcape_m_walkstaff.png	12	8	28	71	30	-25,-25,-25,-25,-25,-25,-25,-25,-25,-25,-25,-25,-22,-22,-22,-23,-23,-23,-23,-23,-23,-23,-22,-22,-2,-2,-3,-4,-5,-6,-6,-6,-5,-4,-3,-2,15,15,15,14,14,13,13,13,14,14,15,15,16,16,16,16,16,16,16,16,16,16,16,16,13,13,14,14,15,15,15,15,15,14,14,13,-6,-6,-5,-4,-3,-2,-2,-2,-3,-4,-5,-6,-23,-23,-23,-23,-22,-22,-22,-22,-22,-23,-23,-23	2.594
모직바지_여_공격_한손	woolpants_f_attack1h.png	10	8	16	44	16		
모직바지_여_공격_활	woolpants_f_attackbow.png	10	8	13	44	16		
모직바지_여_공격_지팡이	woolpants_f_attackstaff.png	10	8	17	44	16		
모직바지_여_시전	woolpants_f_cast.png	8	8	17	44	12		
모직바지_여_죽음	woolpants_f_death.png	12	8	46	44	12		
모직바지_여_서기_한손	woolpants_f_idle1h.png	8	8	13	45	5		
모직바지_여_서기_활	woolpants_f_idlebow.png	8	8	13	45	5		
모직바지_여_서기_지팡이	woolpants_f_idlestaff.png	8	8	13	45	5		
모직바지_여_걷기_한손	woolpants_f_walk1h.png	12	8	23	43	30		2.268
모직바지_여_걷기_활	woolpants_f_walkbow.png	12	8	23	43	30		2.268
모직바지_여_걷기_지팡이	woolpants_f_walkstaff.png	12	8	23	43	30		2.268
모직바지_남_공격_한손	woolpants_m_attack1h.png	10	8	19	48	16		
모직바지_남_공격_활	woolpants_m_attackbow.png	10	8	15	48	16		
모직바지_남_공격_지팡이	woolpants_m_attackstaff.png	10	8	19	48	16		
모직바지_남_시전	woolpants_m_cast.png	8	8	20	49	12		
모직바지_남_죽음	woolpants_m_death.png	12	8	51	48	12		
모직바지_남_서기_한손	woolpants_m_idle1h.png	8	8	15	49	5		
모직바지_남_서기_활	woolpants_m_idlebow.png	8	8	15	49	5		
모직바지_남_서기_지팡이	woolpants_m_idlestaff.png	8	8	15	49	5		
모직바지_남_걷기_한손	woolpants_m_walk1h.png	12	8	25	49	30		2.594
모직바지_남_걷기_활	woolpants_m_walkbow.png	12	8	25	49	30		2.594
모직바지_남_걷기_지팡이	woolpants_m_walkstaff.png	12	8	25	49	30		2.594
그림자	shadow.png	4	1	48	24	10		
화염구_빛	fireball_glow.png	4	1	48	48	12		
폭발_빛	explosion_glow.png	8	1	84	105	20		
서리_빛	frost_glow.png	8	1	289	162	16		
함성_빛	shout_glow.png	8	1	357	196	16		
불꽃검	item_flamesword.png	1	1	0	0	10		
십자갑옷	item_crusader.png	1	1	0	0	10		
투구	item_helm.png	1	1	0	0	10		
망토	item_cape_red.png	1	1	0	0	10		
푸른망토	item_cape_blue.png	1	1	0	0	10		
장화	item_boots.png	1	1	0	0	10		
바지	item_pants.png	1	1	0	0	10		
방패	item_shield.png	1	1	0	0	10		
검_땅	item_sword_ground.png	1	1	0	0	10		
불꽃검_땅	item_flamesword_ground.png	1	1	0	0	10		
도끼_땅	item_axe_ground.png	1	1	0	0	10		
지팡이_땅	item_staff_ground.png	1	1	0	0	10		
활_땅	item_bow_ground.png	1	1	0	0	10		
갑옷_땅	item_armor_ground.png	1	1	0	0	10		
십자갑옷_땅	item_crusader_ground.png	1	1	0	0	10		
투구_땅	item_helm_ground.png	1	1	0	0	10		
망토_땅	item_cape_red_ground.png	1	1	0	0	10		
푸른망토_땅	item_cape_blue_ground.png	1	1	0	0	10		
장화_땅	item_boots_ground.png	1	1	0	0	10		
바지_땅	item_pants_ground.png	1	1	0	0	10		
방패_땅	item_shield_ground.png	1	1	0	0	10		
루비반지_땅	item_ring_ruby_ground.png	1	1	0	0	10		
사파이어반지_땅	item_ring_sapphire_ground.png	1	1	0	0	10		
체력물약_땅	item_potion_red_ground.png	1	1	0	0	10		
마나물약_땅	item_potion_blue_ground.png	1	1	0	0	10		
금화_땅	item_gold_ground.png	1	1	0	0	10		
커서_기본	cursor_default.png	1	1	0	0	10		
커서_버튼	cursor_button.png	1	1	0	0	10		
커서_공격	cursor_attack.png	1	1	0	0	10		
커서_집기	cursor_pick.png	1	1	0	0	10		
커서_금지	cursor_no.png	1	1	0	0	10		
